23,53,5,0
77,42,36,1
3,32,52,2
61,72,52,2
21,51,90,4
74,28,10,0
29,71,74,3
44,50,50,2
19,2,5,0
57,2,66,3
1,46,35,1
92,43,12,0
44,36,63,3
84,75,15,0
47,48,62,3
66,60,50,2
78,100,72,3
62,47,26,1
82,54,27,1
99,16,77,3
60,11,25,1
88,43,69,3
86,15,48,2
23,63,68,3
97,77,15,0
79,52,15,0
5,44,27,1
45,89,89,4
87,94,50,2
34,41,67,3
32,20,69,3
90,22,87,4
92,89,26,1
4,70,5,0
7,29,9,0
12,38,100,4
19,26,27,1
17,7,11,0
11,77,50,2
80,57,14,0
49,12,31,1
58,74,26,1
86,37,48,2
38,21,36,1
20,76,32,1
1,65,14,0
82,77,7,0
10,49,30,1
22,21,100,4
0,44,29,1
99,4,52,2
60,3,14,0
54,66,24,1
29,43,98,4
11,53,76,3
63,100,9,0
8,97,87,4
25,23,97,4
36,83,79,3
21,20,34,1
59,21,69,3
11,25,34,1
40,12,92,4
69,58,100,4
98,7,73,3
21,0,66,3
74,61,69,3
78,84,78,3
29,97,29,1
27,63,34,1
75,2,63,3
35,46,13,0
1,66,87,4
49,60,50,2
57,42,70,3
58,76,11,0
49,97,13,0
36,39,67,3
84,89,87,4
24,51,89,4
53,89,48,2
85,49,51,2
39,64,98,4
93,74,36,1
1,20,68,3
28,34,51,2
94,65,31,1
71,39,24,1
46,43,96,4
31,90,61,3
55,49,33,1
54,87,48,2
64,91,5,0
87,57,87,4
46,83,7,0
19,83,85,4
30,80,30,1
76,55,63,3
48,64,97,4
1,71,5,0
22,20,97,4
22,29,14,0
43,79,30,1
71,52,96,4
50,33,51,2
48,94,25,1
22,4,49,2
73,20,13,0
75,11,100,4
87,18,61,3
61,49,15,0
31,20,52,2
84,11,32,1
29,34,49,2
87,87,48,2
74,97,7,0
62,48,72,3
54,82,90,4
56,40,15,0
88,37,61,3
63,60,31,1
92,50,50,2
53,70,15,0
61,59,32,1
32,84,34,1
47,82,48,2
26,97,14,0
21,59,50,2
9,55,48,2
58,55,25,1
2,32,14,0
69,86,79,3
13,50,61,3
2,95,52,2
17,37,36,1
38,57,15,0
29,64,85,4
2,13,13,0
53,23,87,4
75,58,29,1
25,14,74,3
93,36,48,2
99,75,88,4
19,35,69,3
13,13,48,2
96,66,100,4
45,89,51,2
14,42,11,0
4,96,65,3
82,49,15,0
17,76,8,0
16,85,48,2
50,35,11,0
3,28,50,2
20,77,24,1
86,67,11,0
68,38,7,0
65,49,73,3
12,63,88,4
59,66,94,4
31,34,34,1
41,46,51,2
50,11,5,0
22,98,10,0
76,50,51,2
68,34,48,2
72,37,50,2
40,25,93,4
94,66,70,3
39,21,7,0
82,40,71,3
45,59,48,2
55,37,48,2
6,3,100,4
82,27,5,0
97,15,27,1
12,50,11,0
24,56,10,0
34,37,89,4
60,99,48,2
96,33,85,4
82,91,52,2
74,76,63,3
15,12,32,1
3,50,52,2
47,85,100,4
25,90,74,3
6,64,34,1
71,94,11,0
30,33,49,2
1,21,92,4
87,100,26,1
12,30,25,1
58,61,62,3
43,86,78,3
16,80,86,4
38,87,49,2
3,62,33,1
7,19,89,4
2,41,7,0
51,52,51,2
39,28,25,1
27,99,29,1
55,50,7,0
37,72,5,0
59,17,10,0
94,54,9,0
68,41,5,0
72,52,51,2
22,8,62,3
61,32,85,4
42,93,11,0
13,71,89,4
31,13,67,3
33,6,98,4
25,88,52,2
91,18,61,3
7,41,89,4
0,0,27,1
23,14,5,0
38,45,36,1
53,77,72,3
86,8,26,1
25,86,96,4
91,8,7,0
21,12,51,2
72,58,27,1
74,40,7,0
99,82,52,2
63,45,25,1
48,13,15,0
10,84,6,0
15,67,25,1
0,85,65,3
96,52,36,1
47,40,92,4
99,12,9,0
39,4,10,0
75,0,62,3
95,50,77,3
54,15,5,0
4,96,6,0
1,21,86,4
19,39,62,3
28,73,15,0
67,60,63,3
57,90,48,2
9,72,29,1
91,37,49,2
25,78,48,2
95,3,48,2
18,100,28,1
33,68,88,4
50,65,36,1
39,3,48,2
55,18,8,0
91,41,34,1
100,36,92,4
32,99,11,0
17,59,94,4
64,5,68,3
92,8,89,4
16,46,88,4
28,25,51,2
100,12,34,1
79,44,36,1
86,30,93,4
62,58,76,3
10,93,50,2
51,62,34,1
46,95,71,3
44,60,24,1
51,27,62,3
33,15,64,3
69,71,51,2
19,44,72,3
69,11,8,0
75,98,28,1
74,44,35,1
78,83,49,2
9,83,8,0
95,71,52,2
14,31,97,4
6,78,61,3
29,7,90,4
47,87,31,1
1,26,35,1
85,94,52,2
17,29,49,2
44,30,79,3
64,18,29,1
16,44,36,1
81,29,51,2
98,20,65,3
50,46,32,1
39,59,7,0
90,94,75,3
25,26,52,2
44,87,66,3
65,89,31,1
95,36,11,0
38,72,100,4
50,29,100,4
97,96,48,2
8,0,49,2
82,55,71,3
71,56,25,1
52,49,51,2
8,76,61,3
50,55,87,4
4,67,36,1
40,61,10,0
28,63,32,1
35,15,68,3
66,54,98,4
46,79,48,2
72,25,88,4
22,55,50,2
17,36,6,0
28,74,6,0
53,79,99,4
28,93,36,1
100,33,36,1
71,1,65,3
22,25,25,1
72,82,33,1
8,69,52,2
99,61,15,0
39,74,32,1
98,56,76,3
99,97,35,1
17,58,87,4
65,93,85,4
49,0,33,1
53,8,94,4
44,28,91,4
21,46,52,2
72,4,32,1
52,45,13,0
61,36,50,2
87,32,24,1
69,9,49,2
36,59,14,0
76,14,33,1
1,83,74,3
0,86,51,2
64,26,48,2
84,62,6,0
51,30,63,3
95,89,63,3
3,19,63,3
91,39,91,4
9,45,75,3
68,86,48,2
89,74,50,2
59,37,51,2
49,98,29,1
41,24,63,3
13,57,76,3
25,31,65,3
35,12,91,4
88,32,51,2
80,72,26,1
46,27,51,2
65,86,78,3
1,46,98,4
69,61,63,3
18,69,71,3
4,18,10,0
42,15,87,4
49,72,74,3
0,56,77,3
4,0,9,0
68,77,35,1
16,10,66,3
68,38,48,2
96,66,8,0
20,6,30,1
99,48,49,2
81,26,87,4
94,78,6,0
53,36,89,4
96,17,28,1
46,60,48,2
25,55,67,3
39,39,79,3
77,68,48,2
32,93,14,0
27,57,35,1
32,29,51,2
77,89,24,1
77,94,9,0
100,34,7,0
53,49,71,3
12,8,52,2
95,70,85,4
8,40,14,0
25,58,79,3
97,13,50,2
6,63,34,1
65,2,36,1
87,83,34,1
83,79,65,3
88,74,62,3
93,29,90,4
90,14,9,0
56,9,29,1
92,23,50,2
89,59,35,1
49,99,7,0
3,26,10,0
81,55,7,0
48,50,51,2
69,84,92,4
89,79,51,2
53,99,94,4
30,28,27,1
53,74,52,2
12,69,32,1
8,67,61,3
2,7,91,4
66,72,85,4
65,71,12,0
57,39,61,3
40,46,10,0
20,78,75,3
93,63,79,3
49,30,49,2
18,41,69,3
7,45,94,4
47,30,76,3
70,88,33,1
97,29,32,1
51,8,88,4
37,16,48,2
8,82,49,2
29,82,48,2
64,26,100,4
53,58,14,0
13,88,5,0
25,91,7,0
7,79,62,3
60,51,15,0
96,91,51,2
74,29,52,2
36,22,12,0
32,27,15,0
2,91,10,0
11,45,64,3
78,35,30,1
11,42,48,2
17,6,95,4
7,41,14,0
34,17,61,3
80,33,97,4
69,79,12,0
41,59,70,3
12,32,91,4
2,1,78,3
66,98,49,2
27,47,94,4
74,26,15,0
77,76,29,1
47,47,90,4
33,87,72,3
27,49,51,2
53,78,90,4
40,74,34,1
81,62,49,2
95,47,87,4
44,85,67,3
95,43,93,4
18,44,76,3
26,94,97,4
97,9,15,0
44,83,48,2
38,56,77,3
94,62,35,1
91,57,9,0
75,14,86,4
86,27,15,0
12,58,52,2
63,75,35,1
38,100,72,3
29,71,91,4
80,6,71,3
5,74,96,4
79,57,14,0
28,98,6,0
68,59,97,4
100,76,26,1
38,53,52,2
87,54,5,0
15,42,34,1
66,58,91,4
70,87,5,0
72,41,50,2
89,53,96,4
80,18,24,1
85,43,10,0
25,97,89,4
44,99,77,3
67,30,48,2
69,53,6,0
67,15,52,2
96,8,8,0
60,42,36,1
1,27,88,4
39,37,13,0
4,84,75,3
74,71,72,3
0,84,7,0
8,27,32,1
97,22,48,2
94,48,61,3
73,70,91,4
35,29,66,3
39,36,14,0
53,73,27,1
35,45,33,1
39,99,96,4
91,26,26,1
81,97,94,4
18,60,5,0
86,34,33,1
13,72,96,4
20,53,7,0
100,31,92,4
14,89,75,3
81,10,48,2
2,54,50,2
56,51,78,3
72,18,24,1
21,63,73,3
11,17,49,2
10,3,10,0
15,31,49,2
97,27,33,1
85,13,72,3
21,45,12,0
89,23,52,2
92,81,30,1
25,97,73,3
57,10,100,4
36,1,27,1
8,34,92,4
96,64,5,0
95,4,51,2
2,85,52,2
52,36,49,2
4,91,5,0
64,60,13,0
14,69,26,1
17,91,71,3
27,6,89,4
64,19,49,2
51,97,74,3
61,12,52,2
44,93,26,1
30,96,90,4
45,42,88,4
82,25,48,2
24,96,50,2
51,29,77,3
33,84,51,2
99,47,5,0
22,23,65,3
70,43,28,1
25,49,88,4
26,32,27,1
47,50,51,2
52,1,48,2
22,35,92,4
46,13,36,1
28,91,11,0
50,25,52,2
72,28,24,1
45,48,48,2
43,24,30,1
100,48,49,2
75,61,8,0
59,78,86,4
11,87,90,4
29,82,65,3
8,67,88,4
81,47,75,3
77,83,7,0
93,90,97,4
40,82,99,4
23,6,36,1
42,9,94,4
54,22,72,3
49,99,28,1
54,26,49,2
91,27,51,2
74,65,7,0
89,13,92,4
98,87,85,4
46,100,96,4
56,11,30,1
11,41,78,3
50,65,25,1
41,56,100,4
48,45,33,1
91,70,68,3
26,24,72,3
0,37,93,4
43,70,75,3
6,4,67,3
93,24,65,3
87,83,9,0
88,2,48,2
79,6,98,4
42,80,35,1
78,9,87,4
79,72,74,3
84,20,91,4
79,88,95,4
99,46,50,2
16,22,79,3
84,86,67,3
90,86,27,1
77,79,52,2
30,58,48,2
11,36,51,2
12,10,35,1
22,14,100,4
25,84,71,3
34,97,36,1
96,34,100,4
84,63,61,3
33,1,29,1
1,39,34,1
64,8,96,4
64,86,13,0
98,41,15,0
7,100,49,2
29,52,13,0
55,59,93,4
44,21,49,2
80,48,98,4
51,91,89,4
11,56,25,1
20,6,9,0
61,73,90,4
53,1,10,0
19,56,24,1
25,35,29,1
27,94,93,4
48,15,48,2
7,22,33,1
23,10,50,2
59,41,96,4
28,24,75,3
36,43,78,3
66,88,13,0
27,86,89,4
10,51,92,4
29,76,27,1
79,38,25,1
100,76,52,2
45,57,5,0
24,17,5,0
47,49,49,2
21,46,49,2
27,29,25,1
47,44,50,2
99,38,100,4
16,59,99,4
41,17,33,1
71,80,15,0
37,90,97,4
24,6,8,0
93,91,96,4
38,38,24,1
15,63,14,0
17,15,99,4
54,63,61,3
15,76,70,3
26,45,71,3
45,61,36,1
28,68,7,0
78,23,48,2
81,29,48,2
76,16,65,3
1,11,31,1
27,6,6,0
24,34,52,2
67,80,50,2
34,12,50,2
9,62,8,0
11,77,35,1
21,57,62,3
69,50,49,2
34,68,65,3
50,90,9,0
80,58,24,1
73,0,73,3
59,25,9,0
1,97,50,2
84,32,95,4
62,34,26,1
23,23,12,0
46,35,7,0
60,66,50,2
41,21,7,0
83,8,50,2
38,16,28,1
17,15,26,1
96,34,92,4
33,18,70,3
81,8,7,0
24,93,67,3
46,97,11,0
19,74,93,4
83,81,62,3
91,83,49,2
97,83,27,1
84,5,26,1
44,64,51,2
91,28,10,0
37,98,88,4
5,77,88,4
50,28,70,3
39,70,52,2
60,87,29,1
69,54,50,2
77,87,11,0
33,11,71,3
61,33,78,3
91,29,26,1
85,2,71,3
42,68,96,4
5,42,5,0
0,78,76,3
46,51,48,2
60,42,91,4
66,9,86,4
100,65,8,0
61,8,51,2
78,97,86,4
4,43,52,2
97,59,52,2
56,88,49,2
85,6,50,2
13,37,90,4
77,77,68,3
35,84,52,2
20,11,10,0
52,35,6,0
92,99,48,2
56,7,48,2
17,68,50,2
49,15,50,2
7,66,27,1
67,10,48,2
15,60,69,3
83,99,92,4
93,42,48,2
95,82,74,3
26,64,32,1
37,90,48,2
58,64,52,2
2,87,52,2
42,29,100,4
44,6,26,1
81,97,62,3
64,38,49,2
90,64,5,0
88,89,65,3
16,59,87,4
58,0,48,2
93,70,73,3
90,81,26,1
34,4,91,4
28,37,49,2
17,16,91,4
86,47,93,4
54,67,77,3
19,10,76,3
50,56,15,0
65,82,25,1
39,82,76,3
3,34,97,4
18,67,9,0
3,7,10,0
78,20,7,0
1,39,7,0
44,5,96,4
23,46,49,2
81,88,85,4
78,10,48,2
70,0,71,3
9,19,69,3
36,69,9,0
70,11,5,0
81,45,36,1
44,25,51,2
11,66,64,3
7,15,73,3
70,93,48,2
71,47,7,0
29,48,31,1
30,10,74,3
81,99,28,1
72,52,69,3
45,97,50,2
58,61,26,1
0,50,75,3
58,7,28,1
31,13,79,3
89,1,48,2
1,93,25,1
92,36,87,4
17,9,51,2
5,72,74,3
12,15,52,2
35,87,13,0
69,90,11,0
84,79,50,2
54,41,51,2
25,26,32,1
54,57,70,3
51,55,31,1
45,100,96,4
49,62,63,3
82,62,48,2
34,37,28,1
54,12,32,1
29,2,52,2
87,89,34,1
26,63,25,1
62,41,14,0
95,83,99,4
76,28,95,4
86,26,26,1
22,22,91,4
34,64,29,1
56,98,94,4
36,88,88,4
39,26,52,2
23,50,51,2
18,28,85,4
18,81,11,0
58,8,48,2
68,84,79,3
11,70,36,1
97,34,52,2
40,65,31,1
87,37,96,4
79,23,5,0
76,28,33,1
98,26,8,0
32,84,50,2
48,43,93,4
22,46,77,3
71,1,71,3
56,41,64,3
14,83,29,1
64,73,34,1
45,53,96,4
31,29,50,2
14,69,9,0
56,40,49,2
48,35,33,1
67,71,11,0
52,82,10,0
58,5,97,4
20,99,12,0
46,4,50,2
46,5,35,1
29,30,75,3
32,93,89,4
37,48,13,0
33,44,10,0
17,6,86,4
77,36,31,1
32,82,91,4
83,95,32,1
31,32,26,1
16,38,12,0
8,63,33,1
83,34,24,1
87,2,29,1
6,32,15,0
7,8,50,2
7,54,50,2
19,54,48,2
17,97,34,1
90,33,87,4
98,50,79,3
45,84,51,2
70,89,52,2
21,33,5,0
96,66,50,2
16,97,49,2
91,35,99,4
69,46,51,2
33,96,94,4
34,44,7,0
98,67,66,3
99,44,76,3
83,26,88,4
75,44,85,4
98,46,6,0
99,66,7,0
38,82,65,3
38,56,70,3
60,35,50,2
23,22,29,1
56,1,9,0
63,27,99,4
97,94,77,3
36,97,28,1
57,48,87,4
79,53,49,2
52,32,68,3
87,50,75,3
15,63,52,2
59,68,63,3
84,78,29,1
96,85,12,0
9,26,97,4
30,13,61,3
55,80,89,4
64,58,10,0
15,86,75,3
42,28,77,3
87,81,24,1
23,1,32,1
16,100,31,1
58,2,48,2
95,51,51,2
78,30,49,2
76,83,25,1
12,41,34,1
54,2,92,4
80,67,71,3
48,23,12,0
27,41,86,4
41,71,78,3
87,94,11,0
33,7,29,1
72,22,51,2
78,50,11,0
14,96,27,1
72,89,31,1
16,84,90,4
95,17,68,3
62,30,94,4
92,32,12,0
42,38,89,4
68,39,97,4
33,32,92,4
48,51,15,0
63,58,50,2
9,89,50,2
54,13,10,0
55,47,76,3
80,50,90,4
7,5,97,4
98,21,11,0
18,23,86,4
11,97,90,4
92,67,71,3
93,26,71,3
25,39,35,1
68,16,79,3
65,86,94,4
72,63,52,2
87,84,28,1
20,1,31,1
49,31,87,4
87,32,52,2
34,31,50,2
100,15,85,4
59,95,49,2
6,41,66,3
14,75,62,3
90,40,27,1
3,63,28,1
26,52,8,0
45,9,29,1
10,95,96,4
89,34,65,3
55,9,48,2
69,61,87,4
66,30,100,4
97,29,49,2
78,57,62,3
84,14,100,4
18,21,7,0
85,96,31,1
68,9,78,3
10,30,73,3
53,99,63,3
17,29,52,2
40,54,90,4
58,66,50,2
28,56,92,4
41,79,33,1
9,36,35,1
61,60,30,1
88,10,52,2
49,67,78,3
78,38,89,4
1,89,85,4
68,27,71,3
41,21,33,1
71,96,13,0
2,56,13,0
29,46,50,2
12,57,94,4
76,100,61,3
99,98,65,3
39,24,8,0
94,70,12,0
86,79,10,0
62,99,88,4
18,100,11,0
44,50,86,4
36,5,68,3
51,21,75,3
26,84,51,2
36,86,94,4
39,78,67,3
43,38,97,4
13,48,100,4
95,12,77,3
34,9,99,4
91,66,12,0
1,40,34,1
56,8,90,4
12,43,12,0
88,55,79,3
6,1,24,1
37,79,63,3
6,53,49,2
89,100,74,3
62,98,24,1
10,20,24,1
64,51,93,4
96,10,13,0
42,100,99,4
38,12,27,1
62,13,61,3
64,58,48,2
74,44,14,0
22,65,98,4
80,23,35,1
93,26,15,0
51,66,99,4
18,80,30,1
71,9,52,2
48,17,48,2
7,73,70,3
4,10,51,2
12,96,6,0
73,41,28,1
96,76,52,2
72,56,100,4
8,57,25,1
23,91,32,1
82,34,64,3
48,66,91,4
9,8,65,3
72,21,66,3
79,6,12,0
66,43,30,1
78,85,50,2
91,43,49,2
57,46,29,1
62,11,89,4
85,11,95,4
79,73,35,1
81,90,26,1
90,67,91,4
0,28,51,2
22,44,51,2
54,55,65,3
89,36,73,3
20,71,93,4
54,70,61,3
62,56,61,3
8,38,35,1
49,95,28,1
70,22,9,0
61,23,7,0
8,98,92,4
21,69,88,4
80,43,89,4
55,37,12,0
77,50,48,2
23,75,78,3
98,35,100,4
63,47,89,4
60,49,95,4
57,22,68,3
42,12,5,0
10,8,67,3
20,42,63,3
66,95,90,4
21,5,52,2
73,99,49,2
50,53,62,3
40,38,11,0
71,17,63,3
64,70,99,4
57,63,64,3
84,82,73,3
49,63,50,2
75,94,69,3
57,78,50,2
38,72,98,4
34,8,50,2
20,90,70,3
21,59,25,1
21,36,51,2
89,4,51,2
97,57,75,3
50,31,52,2
13,27,52,2
69,96,97,4
41,15,50,2
94,90,26,1
64,58,26,1
28,89,67,3
14,16,97,4
29,63,99,4
35,85,36,1
8,44,49,2
50,74,33,1
60,98,85,4
26,64,15,0
9,34,49,2
59,17,71,3
10,8,51,2
16,56,25,1
51,35,7,0
18,96,71,3
62,96,64,3
32,80,51,2
50,8,61,3
27,15,35,1
73,88,9,0
28,48,48,2
73,75,52,2
55,94,63,3
64,2,72,3
43,55,27,1
57,81,25,1
77,23,90,4
100,16,49,2
80,28,25,1
39,71,50,2
24,61,11,0
34,66,27,1
53,73,48,2
67,85,92,4
19,48,30,1
94,19,91,4
47,43,28,1
76,48,33,1
11,63,15,0
71,73,63,3
87,57,89,4
69,29,79,3
43,80,99,4
44,94,61,3
69,71,15,0
31,0,48,2
50,76,5,0
79,88,69,3
74,15,67,3
37,65,64,3
80,38,100,4
54,32,26,1
99,1,36,1
63,83,77,3
8,79,78,3
22,60,11,0
4,47,8,0
31,27,61,3
1,92,15,0
8,53,48,2
46,89,13,0
60,76,99,4
36,77,31,1
89,77,88,4
21,37,86,4
14,0,96,4
34,23,96,4
71,87,71,3
28,59,49,2
55,40,89,4
63,26,93,4
100,9,7,0
96,92,74,3
62,44,10,0
1,33,49,2
78,12,10,0
99,74,27,1
30,62,76,3
41,64,52,2
8,33,65,3
7,75,76,3
15,7,98,4
56,0,26,1
98,60,50,2
6,44,49,2
79,87,90,4
25,91,36,1
100,15,32,1
62,18,24,1
36,40,35,1
81,47,66,3
29,45,98,4
13,93,95,4
77,47,49,2
82,42,49,2
77,95,91,4
63,64,51,2
30,48,12,0
9,65,49,2
14,64,13,0
8,49,86,4
34,74,87,4
73,8,36,1
86,10,14,0
63,32,73,3
86,3,51,2
79,14,48,2
2,13,6,0
38,74,8,0
9,77,14,0
72,44,7,0
27,20,100,4
50,59,76,3
97,38,85,4
99,20,26,1
18,81,11,0
1,3,48,2
95,87,77,3
24,77,91,4
98,28,31,1
34,55,69,3
44,24,36,1
79,11,35,1
49,89,78,3
32,46,27,1
64,69,11,0
82,84,48,2
44,54,12,0
83,70,95,4
19,69,13,0
82,57,34,1
58,89,28,1
5,3,10,0
8,13,95,4
50,99,72,3
66,1,49,2
4,60,13,0
3,8,72,3
30,42,48,2
34,22,15,0
47,22,9,0
45,56,74,3
75,19,7,0
7,56,13,0
0,9,79,3
83,58,36,1
31,47,32,1
72,89,27,1
93,69,9,0
88,14,70,3
99,36,14,0
95,51,51,2
30,61,7,0
44,7,14,0
89,16,15,0
35,96,98,4
89,87,28,1
43,68,98,4
30,30,92,4
54,49,13,0
92,47,25,1
82,5,98,4
59,24,51,2
4,82,5,0
39,18,86,4
23,17,32,1
68,20,87,4
8,64,29,1
13,30,14,0
60,87,14,0
3,43,64,3
13,22,92,4
16,97,8,0
54,95,51,2
16,74,51,2
11,69,78,3
90,15,51,2
75,26,50,2
14,12,13,0
37,11,50,2
39,46,87,4
56,99,88,4
74,32,77,3
44,42,67,3
67,86,36,1
65,7,78,3
53,56,29,1
90,77,24,1
24,99,32,1
70,63,35,1
28,38,91,4
56,57,12,0
41,70,10,0
83,51,67,3
73,8,48,2
77,45,36,1
94,66,69,3
19,7,61,3
47,38,66,3
7,30,36,1
48,50,7,0
64,87,33,1
18,92,94,4
3,38,14,0
9,2,52,2
95,62,49,2
4,9,9,0
82,53,29,1
75,63,49,2
45,9,24,1
43,89,27,1
14,3,6,0
23,87,5,0
81,44,14,0
98,67,10,0
82,78,95,4
67,50,91,4
86,87,36,1
68,42,48,2
35,25,5,0
8,95,36,1
36,19,66,3
61,67,34,1
95,80,32,1
97,63,73,3
16,60,28,1
48,18,29,1
98,96,51,2
48,13,52,2
56,98,30,1
90,57,64,3
57,60,14,0
16,81,12,0
64,54,92,4
71,85,48,2
82,22,32,1
16,58,34,1
34,38,15,0
34,13,72,3
81,5,77,3
14,50,26,1
87,80,15,0
29,97,12,0
50,11,73,3
24,13,15,0
29,22,51,2
71,10,30,1
79,25,73,3
5,59,8,0
99,15,67,3
49,37,49,2
21,39,49,2
48,8,32,1
2,81,52,2
98,45,51,2
42,59,5,0
29,51,78,3
8,34,62,3
34,66,52,2
70,15,49,2
62,15,12,0
90,0,65,3
1,11,30,1
69,3,99,4
22,49,12,0
73,58,6,0
39,26,28,1
30,66,34,1
89,15,7,0
57,44,8,0
89,41,100,4
0,15,49,2
71,60,64,3
7,87,48,2
0,89,32,1
68,26,90,4
90,52,71,3
90,69,34,1
35,80,90,4
69,17,7,0
87,1,74,3
96,0,61,3
56,10,32,1
12,51,72,3
46,54,10,0
50,87,48,2
25,91,89,4
5,27,34,1
76,6,73,3
61,24,35,1
77,63,97,4
43,66,76,3
18,18,87,4
9,64,79,3
60,63,48,2
14,47,89,4
77,42,85,4
74,95,7,0
14,18,77,3
89,64,51,2
24,1,14,0
41,20,63,3
32,77,15,0
79,34,66,3
67,69,5,0
73,61,7,0
16,63,99,4
92,87,15,0
3,85,87,4
38,9,93,4
68,81,79,3
89,5,51,2
45,43,26,1
61,59,95,4
92,86,75,3
20,83,29,1
67,10,100,4
54,61,94,4
81,46,36,1
88,13,25,1
19,20,50,2
66,90,29,1
98,16,30,1
38,9,34,1
60,27,34,1
11,50,34,1
51,64,25,1
25,95,76,3
51,60,48,2
37,71,75,3
76,49,91,4
40,39,12,0
10,49,31,1
83,58,96,4
95,63,85,4
50,19,5,0
40,42,13,0
50,35,52,2
47,54,11,0
54,88,48,2
45,69,13,0
63,16,99,4
60,90,13,0
73,78,31,1
29,94,100,4
38,41,33,1
1,43,8,0
55,38,5,0
19,86,52,2
14,43,27,1
45,8,11,0
29,74,12,0
28,46,31,1
89,45,61,3
47,30,64,3
3,69,26,1
74,100,52,2
20,45,52,2
54,75,49,2
23,61,49,2
27,43,5,0
5,56,13,0
11,53,35,1
68,19,33,1
71,96,89,4
20,29,52,2
5,47,6,0
92,45,98,4
85,48,94,4
69,29,6,0
82,79,73,3
10,56,8,0
55,77,49,2
74,15,15,0
94,17,11,0
50,3,95,4
72,49,7,0
26,60,9,0
78,70,50,2
54,83,70,3
29,72,48,2
86,53,12,0
42,96,70,3
25,59,75,3
96,8,94,4
56,98,15,0
70,17,48,2
68,65,48,2
44,55,34,1
44,70,88,4
36,31,66,3
92,57,7,0
2,71,50,2
88,11,89,4
65,64,51,2
3,9,13,0
51,57,12,0
29,90,27,1
26,76,27,1
19,77,6,0
1,30,15,0
19,99,28,1
62,99,13,0
24,13,7,0
30,1,90,4
50,45,87,4
37,20,6,0
86,68,14,0
61,32,74,3
8,4,50,2
34,74,8,0
76,53,6,0
61,100,87,4
97,68,71,3
41,88,79,3
80,11,52,2
88,26,36,1
47,41,7,0
45,28,13,0
36,59,34,1
19,5,52,2
73,94,99,4
70,9,26,1
44,59,65,3
26,15,50,2
33,8,64,3
82,69,74,3
67,87,34,1
50,77,75,3
61,61,36,1
34,28,28,1
8,97,98,4
56,79,49,2
15,88,48,2
40,31,5,0
20,23,34,1
89,50,73,3
80,98,73,3
96,50,5,0
86,28,14,0
87,88,14,0
36,0,72,3
26,69,27,1
56,16,63,3
2,40,50,2
25,15,11,0
18,87,32,1
72,46,25,1
20,20,8,0
10,38,52,2
84,9,48,2
63,31,13,0
76,4,9,0
78,52,51,2
81,55,70,3
76,1,97,4
43,22,8,0
99,40,12,0
93,62,63,3
75,96,98,4
78,46,95,4
43,81,32,1
61,46,50,2
68,98,13,0
18,61,68,3
20,73,90,4
3,37,48,2
77,44,98,4
60,83,66,3
12,23,32,1
89,43,70,3
89,45,100,4
51,94,87,4
27,54,61,3
66,54,62,3
28,18,87,4
49,67,98,4
26,81,78,3
24,6,51,2
98,27,50,2
41,57,76,3
46,84,48,2
16,67,72,3
59,31,33,1
52,58,7,0
49,11,74,3
25,3,88,4
2,89,9,0
6,6,74,3
54,7,73,3
8,91,72,3
16,9,36,1
72,82,29,1
24,26,8,0
89,95,50,2
95,37,8,0
59,27,50,2
67,63,9,0
88,38,11,0
43,9,48,2
68,97,49,2
63,68,13,0
99,36,94,4
49,27,74,3
88,40,14,0
57,83,25,1
65,81,52,2
12,50,97,4
40,42,79,3
89,83,78,3
13,73,49,2
80,57,94,4
67,42,61,3
8,65,52,2
71,39,52,2
17,27,70,3
50,4,5,0
52,75,85,4
75,10,76,3
28,96,25,1
84,91,12,0
80,83,75,3
84,90,30,1
27,83,77,3
5,5,75,3
38,90,15,0
60,65,36,1
90,75,51,2
8,48,89,4
8,97,73,3
34,44,32,1
48,32,78,3
36,90,65,3
16,56,78,3
82,27,6,0
56,72,86,4
33,52,51,2
85,47,62,3
37,12,52,2
67,47,49,2
86,35,79,3
96,33,50,2
78,4,52,2
87,53,11,0
59,14,36,1
92,100,14,0
11,71,85,4
14,77,28,1
83,83,26,1
9,86,15,0
93,88,13,0
2,98,34,1
0,79,30,1
17,48,35,1
28,74,88,4
47,55,24,1
77,10,85,4
23,92,51,2
0,29,5,0
98,26,87,4
50,2,8,0
43,75,8,0
46,44,90,4
98,89,49,2
49,1,15,0
100,16,62,3
25,61,52,2
44,32,85,4
88,74,69,3
53,2,48,2
94,64,51,2
100,18,63,3
77,66,52,2
22,95,8,0
41,94,14,0
23,29,87,4
56,91,49,2
13,7,92,4
44,2,90,4
58,82,5,0
85,39,13,0
77,92,78,3
59,42,11,0
92,76,73,3
73,44,25,1
70,53,96,4
81,8,48,2
96,80,72,3
84,3,98,4
17,11,32,1
11,55,74,3
3,26,51,2
24,35,63,3
58,0,28,1
40,41,95,4
39,59,97,4
68,43,77,3
78,94,51,2
7,59,87,4
89,28,71,3
54,85,94,4
17,61,14,0
66,67,51,2
13,69,30,1
58,86,11,0
51,68,89,4
88,0,15,0
1,23,48,2
74,43,10,0
64,37,62,3
41,92,25,1
50,70,49,2
34,46,48,2
24,7,14,0
95,65,64,3
55,4,91,4
24,31,12,0
55,72,88,4
24,98,11,0
46,80,87,4
53,68,71,3
66,40,95,4
39,27,52,2
65,45,49,2
10,78,87,4
67,77,94,4
58,36,66,3
89,45,48,2
85,55,77,3
40,26,76,3
43,36,27,1
12,90,51,2
45,83,51,2
93,62,51,2
85,2,89,4
62,61,78,3
87,45,6,0
82,66,98,4
1,3,66,3
45,56,51,2
81,100,85,4
97,73,26,1
3,88,9,0
29,47,34,1
58,39,51,2
75,46,97,4
86,65,77,3
87,20,27,1
53,28,51,2
80,73,87,4
23,93,15,0
64,60,50,2
83,93,62,3
16,84,90,4
3,1,28,1
6,32,34,1
57,74,85,4
97,59,14,0
42,26,52,2
39,1,7,0
10,12,15,0
47,24,12,0
34,15,51,2
53,65,15,0
57,23,35,1
76,54,49,2
91,88,78,3
40,12,85,4
86,95,36,1
25,41,28,1
61,15,76,3
0,25,34,1
17,52,26,1
64,26,50,2
54,84,11,0
60,22,26,1
20,57,94,4
43,14,63,3
87,6,31,1
88,76,32,1
56,88,77,3
87,79,31,1
44,66,29,1
37,78,68,3
86,45,69,3
33,74,24,1
86,10,31,1
97,90,75,3
62,38,12,0
50,40,29,1
19,33,13,0
75,25,62,3
34,91,69,3
15,80,34,1
54,69,13,0
50,81,71,3
98,62,79,3
75,100,92,4
9,19,36,1
59,57,31,1
32,20,24,1
15,25,76,3
5,21,13,0
37,60,91,4
70,61,63,3
45,79,28,1
2,29,36,1
56,32,36,1
40,42,49,2
58,57,33,1
99,98,93,4
81,8,10,0
27,85,36,1
78,16,10,0
85,88,14,0
93,67,33,1
99,22,52,2
16,62,87,4
22,7,10,0
86,82,52,2
21,84,74,3
2,24,7,0
27,90,51,2
54,53,66,3
72,20,50,2
67,13,32,1
4,16,74,3
1,68,61,3
33,8,62,3
99,55,75,3
2,17,66,3
17,10,51,2
27,83,73,3
28,97,25,1
51,4,77,3
49,50,31,1
21,42,29,1
89,71,26,1
50,81,50,2
45,5,52,2
57,7,48,2
93,3,67,3
82,56,52,2
88,84,30,1
95,9,13,0
74,15,94,4
50,58,10,0
42,77,69,3
57,74,29,1
7,3,64,3
67,0,67,3
13,39,32,1
55,1,49,2
100,72,9,0
26,86,67,3
89,27,85,4
94,12,25,1
54,84,52,2
44,90,13,0
52,48,48,2
28,48,91,4
21,27,52,2
55,88,7,0
34,30,29,1
6,58,24,1
2,16,12,0
56,64,86,4
64,46,97,4
42,59,9,0
34,55,95,4
65,53,51,2
69,24,48,2
61,68,78,3
9,42,6,0
36,21,94,4
36,37,25,1
99,37,75,3
22,88,10,0
75,73,30,1
58,47,8,0
6,79,52,2
79,96,61,3
51,97,6,0
71,26,27,1
32,50,67,3
44,83,96,4
63,15,8,0
5,58,52,2
19,52,50,2
88,25,24,1
68,80,27,1
83,93,92,4
43,7,5,0
80,71,88,4
88,77,32,1
77,33,99,4
43,16,87,4
76,73,48,2
20,65,73,3
59,65,96,4
34,72,100,4
41,46,10,0
65,27,63,3
93,67,28,1
85,30,95,4
100,63,74,3
67,10,87,4
7,22,65,3
87,63,24,1
40,97,52,2
6,44,50,2
2,30,10,0
39,28,89,4
81,22,74,3
100,22,27,1
58,96,50,2
63,47,27,1
37,21,99,4
78,87,71,3
9,24,67,3
96,34,76,3
42,35,51,2
92,58,6,0
65,22,25,1
2,10,93,4
5,86,7,0
32,92,52,2
62,16,75,3
55,96,27,1
20,63,8,0
5,60,34,1
15,79,31,1
46,50,52,2
39,12,25,1
18,56,50,2
85,47,13,0
96,30,74,3
88,16,91,4
9,58,50,2
47,36,10,0
68,95,48,2
65,63,29,1
64,24,12,0
15,50,50,2
58,64,98,4
16,54,66,3
60,11,98,4
62,86,76,3
53,93,99,4
99,92,8,0
95,19,11,0
12,26,31,1
14,92,98,4
52,19,25,1
26,18,50,2
74,55,97,4
61,21,7,0
68,54,73,3
54,51,100,4
48,6,8,0
87,30,74,3
98,81,28,1
55,68,76,3
40,56,49,2
39,27,14,0
14,1,94,4
31,21,24,1
29,40,64,3
0,17,69,3
88,9,97,4
91,78,61,3
91,81,36,1
93,51,49,2
5,27,14,0
38,7,33,1
52,31,6,0
0,43,65,3
89,15,49,2
47,20,90,4
34,92,70,3
96,30,13,0
82,47,13,0
98,83,13,0
70,4,31,1
74,52,92,4
1,4,13,0
99,29,77,3
27,84,50,2
38,90,88,4
22,26,30,1
28,6,24,1
10,71,50,2
92,40,76,3
92,21,52,2
21,31,70,3
74,30,48,2
33,59,52,2
23,7,30,1
18,46,15,0
80,3,66,3
71,31,99,4
21,68,48,2
39,91,99,4
46,82,100,4
61,10,70,3
28,79,14,0
2,15,69,3
1,55,6,0
65,52,91,4
38,58,95,4
3,25,49,2
7,46,9,0
66,22,33,1
30,15,99,4
11,8,85,4
5,9,14,0
80,82,36,1
0,37,61,3
18,8,48,2
37,87,71,3
14,26,76,3
20,41,92,4
53,90,27,1
73,87,52,2
9,57,49,2
20,6,27,1
62,32,49,2
69,97,49,2
32,29,97,4
30,36,68,3
95,77,48,2
6,31,28,1
49,53,97,4
33,50,24,1
90,51,14,0
90,66,93,4
34,5,91,4
94,81,75,3
92,14,29,1
65,25,27,1
1,19,64,3
3,74,98,4
93,85,97,4
18,76,49,2
97,86,61,3
35,87,32,1
89,19,87,4
19,93,51,2
29,88,96,4
93,65,51,2
13,14,48,2
93,85,48,2
66,1,51,2
49,21,87,4
82,4,34,1
86,75,61,3
43,24,49,2
90,79,28,1
33,16,88,4
36,29,61,3
64,73,48,2
45,63,5,0
92,72,99,4
37,69,68,3
51,50,74,3
34,24,35,1
65,15,49,2
33,75,71,3
28,23,6,0
23,45,51,2
7,42,26,1
91,48,95,4
42,50,77,3
63,7,68,3
47,64,49,2
17,84,64,3
93,35,63,3
50,62,5,0
95,87,78,3
85,7,87,4
21,83,98,4
4,94,88,4
53,80,72,3
93,26,65,3
67,21,31,1
88,81,13,0
34,65,97,4
47,77,49,2
67,35,8,0
93,92,15,0
45,39,74,3
96,57,12,0
24,36,32,1
82,43,29,1
69,11,49,2
2,14,75,3
25,27,94,4
18,28,33,1
8,27,10,0
19,44,97,4
52,23,48,2
51,92,49,2
5,67,76,3
41,74,89,4
64,85,51,2
65,55,52,2
5,50,50,2
32,81,27,1
26,73,97,4
63,65,28,1
70,69,50,2
63,49,28,1
31,80,90,4
100,16,15,0
74,55,5,0
36,3,89,4
46,41,51,2
87,17,79,3
59,11,100,4
3,98,31,1
16,20,30,1
96,86,25,1
60,91,5,0
60,25,95,4
77,26,7,0
95,65,48,2
12,86,77,3
17,16,97,4
21,50,87,4
81,38,31,1
15,44,15,0
12,59,49,2
14,32,13,0
92,12,70,3
73,10,48,2
8,37,91,4
99,28,86,4
41,82,91,4
96,46,10,0
56,52,10,0
46,43,77,3
98,15,86,4
89,33,51,2
99,20,51,2
51,67,98,4
72,30,90,4
46,80,92,4
6,11,88,4
9,87,73,3
63,8,52,2
43,78,24,1
39,15,51,2
96,27,99,4
55,16,87,4
51,42,26,1
33,40,13,0
37,22,63,3
57,86,9,0
21,14,52,2
8,86,89,4
39,6,51,2
12,6,78,3
5,49,7,0
70,27,48,2
75,44,64,3
55,29,6,0
12,56,68,3
76,87,12,0
49,8,66,3
91,25,66,3
56,68,5,0
71,95,78,3
64,38,12,0
15,76,62,3
89,40,71,3
39,25,7,0
42,50,72,3
49,23,10,0
80,39,77,3
24,10,26,1
84,74,68,3
67,42,51,2
33,69,30,1
59,8,89,4
50,87,65,3
23,11,50,2
26,71,97,4
14,89,97,4
2,49,73,3
49,81,48,2
0,99,34,1
86,62,96,4
47,30,28,1
45,17,96,4
28,36,15,0
57,73,50,2
84,61,48,2
36,27,96,4
35,65,27,1
83,66,51,2
80,13,35,1
51,49,35,1
54,0,25,1
71,56,49,2
40,84,88,4
14,81,26,1
47,68,13,0
97,70,95,4
81,46,9,0
43,74,90,4
28,63,49,2
91,70,97,4
22,94,100,4
70,30,52,2
77,9,34,1
47,52,98,4
10,73,27,1
39,99,95,4
91,62,93,4
25,0,34,1
70,22,48,2
86,92,93,4
97,18,67,3
36,11,97,4
74,72,26,1
37,75,49,2
9,18,5,0
33,99,75,3
81,59,7,0
95,86,88,4
80,83,26,1
32,51,34,1
74,21,71,3
76,11,52,2
83,35,95,4
83,86,15,0
45,91,51,2
99,64,99,4
74,6,31,1
46,20,94,4
89,29,25,1
21,19,12,0
18,18,50,2
93,30,36,1
66,31,68,3
99,53,86,4
39,89,96,4
73,87,51,2
44,34,71,3
52,4,65,3
90,83,52,2
22,22,91,4
70,45,87,4
44,50,67,3
49,24,67,3
39,32,90,4
70,80,11,0
52,84,51,2
55,50,48,2
94,0,87,4
94,37,89,4
99,33,15,0
74,43,7,0
31,43,94,4
87,27,9,0
6,36,98,4
2,27,78,3
99,45,50,2
37,55,24,1
32,69,28,1
62,22,86,4
80,14,25,1
64,95,32,1
90,44,11,0
46,13,33,1
73,23,89,4
0,55,97,4
3,85,26,1
95,75,98,4
52,82,14,0
97,47,24,1
16,77,52,2
44,82,48,2
43,62,68,3
26,57,7,0
25,54,13,0
70,11,63,3
64,26,12,0
7,37,65,3
93,93,7,0
97,97,26,1
29,6,67,3
12,42,52,2
73,83,69,3
38,52,24,1
4,44,26,1
77,92,5,0
88,37,49,2
44,86,27,1
23,88,51,2
36,40,7,0
68,10,88,4
75,32,91,4
60,7,10,0
67,13,49,2
95,70,51,2
97,24,52,2
55,34,10,0
1,69,73,3
41,8,51,2
0,87,31,1
49,5,68,3
66,75,62,3
43,13,73,3
95,28,29,1
60,3,68,3
12,38,35,1
39,55,11,0
63,79,25,1
38,90,35,1
50,14,34,1
73,10,14,0
100,1,63,3
84,6,15,0
16,92,48,2
66,83,86,4
63,2,51,2
77,61,24,1
1,33,92,4
82,90,61,3
30,51,90,4
85,99,71,3
72,39,92,4
47,14,32,1
15,9,12,0
64,42,9,0
74,64,10,0
12,61,7,0
24,40,87,4
92,61,32,1
27,90,90,4
69,82,52,2
8,26,33,1
73,96,35,1
38,53,64,3
87,25,48,2
23,65,24,1
34,10,71,3
83,53,51,2
49,75,78,3
5,24,52,2
31,44,49,2
0,93,68,3
98,5,61,3
45,82,5,0
59,51,52,2
49,75,88,4
52,65,32,1
84,72,11,0
83,57,75,3
10,94,9,0
33,38,51,2
76,42,32,1
60,66,31,1
71,44,31,1
56,35,67,3
53,12,49,2
91,14,14,0
2,36,95,4
45,12,63,3
18,11,48,2
35,72,6,0
39,61,91,4
20,24,33,1
16,70,88,4
84,31,94,4
23,42,65,3
72,67,11,0
80,26,29,1
92,68,14,0
8,37,89,4
22,81,75,3
12,19,51,2
24,43,35,1
25,83,99,4
6,80,51,2
51,33,52,2
86,79,92,4
70,6,10,0
45,56,29,1
74,87,10,0
17,34,28,1
99,51,5,0
83,7,66,3
92,14,77,3
21,74,90,4
35,1,6,0
31,82,51,2
45,43,7,0
68,93,48,2
99,22,90,4
60,76,72,3
30,83,49,2
78,49,36,1
95,78,6,0
29,16,6,0
9,50,68,3
88,57,79,3
60,62,100,4
79,58,72,3
36,43,92,4
26,11,100,4
21,19,35,1
75,39,98,4
17,78,25,1
11,25,74,3
21,56,63,3
58,22,28,1
5,58,77,3
28,57,100,4
58,68,12,0
33,72,26,1
74,9,85,4
32,63,48,2
68,15,33,1
41,76,36,1
99,87,87,4
60,1,51,2
87,28,50,2
6,7,50,2
31,50,50,2
40,19,9,0
10,69,6,0
29,20,52,2
30,20,69,3
87,7,74,3
55,21,5,0
10,3,11,0
75,77,35,1
34,89,51,2
82,42,15,0
83,40,32,1
71,70,14,0
38,95,65,3
90,69,88,4
5,1,24,1
65,59,30,1
81,66,50,2
62,90,69,3
0,69,87,4
90,48,29,1
90,17,34,1
13,15,12,0
96,39,76,3
11,0,27,1
1,78,85,4
22,73,30,1
30,19,26,1
79,79,31,1
69,92,10,0
37,59,51,2
66,82,49,2
16,84,36,1
41,66,6,0
63,28,6,0
92,73,52,2
92,79,87,4
9,17,7,0
85,80,91,4
38,19,29,1
27,2,30,1
86,24,87,4
65,18,91,4
74,100,51,2
9,46,77,3
96,29,15,0
73,13,11,0
79,71,69,3
89,77,99,4
41,2,12,0
99,73,52,2
22,71,52,2
23,24,35,1
45,52,52,2
89,34,74,3
8,18,36,1
45,52,52,2
9,68,24,1
38,7,88,4
78,23,61,3
67,30,31,1
36,82,90,4
32,93,86,4
29,36,52,2
38,57,51,2
18,50,71,3
0,27,49,2
64,22,12,0
57,72,13,0
81,81,51,2
53,15,64,3
68,16,61,3
49,8,88,4
78,5,87,4
55,83,48,2
27,62,62,3
73,34,50,2
30,81,94,4
99,82,5,0
86,58,98,4
50,52,93,4
37,99,93,4
88,89,36,1
27,49,35,1
42,55,49,2
66,20,74,3
8,28,36,1
88,81,36,1
95,69,51,2
74,18,75,3
45,99,68,3
57,1,30,1
46,26,66,3
14,54,8,0
80,19,48,2
77,94,62,3
58,26,11,0
90,61,7,0
84,70,95,4
50,30,5,0
99,72,51,2
20,100,91,4
50,29,93,4
72,62,93,4
34,64,89,4
99,72,77,3
8,37,50,2
65,51,93,4
8,40,5,0
43,2,94,4
44,63,11,0
65,64,49,2
71,37,35,1
45,81,7,0
11,65,52,2
52,37,79,3
49,45,49,2
51,94,8,0
78,26,90,4
63,100,9,0
85,27,66,3
17,95,7,0
31,85,97,4
49,3,5,0
86,9,7,0
18,20,75,3
28,1,7,0
95,73,63,3
45,9,89,4
64,49,93,4
40,18,12,0
1,29,96,4
20,79,50,2
88,100,32,1
57,97,87,4
87,86,31,1
21,81,29,1
5,81,49,2
27,58,79,3
20,3,79,3
19,34,87,4
22,9,29,1
84,33,73,3
49,67,71,3
87,41,49,2
96,42,68,3
35,12,27,1
20,25,50,2
20,0,93,4
87,16,25,1
56,90,51,2
12,77,94,4
91,24,13,0
59,56,13,0
66,59,86,4
83,96,31,1
89,15,50,2
70,14,74,3
5,33,62,3
86,96,31,1
24,67,36,1
12,66,95,4
98,19,89,4
35,26,31,1
65,99,100,4
29,39,97,4
56,44,65,3
92,98,96,4
31,22,87,4
58,28,49,2
21,83,50,2
27,40,34,1
3,3,52,2
12,31,35,1
77,62,32,1
92,68,61,3
28,17,87,4
41,14,9,0
53,60,69,3
88,39,48,2
9,95,35,1
56,4,48,2
93,100,36,1
89,78,30,1
10,52,25,1
44,20,35,1
1,4,30,1
56,83,90,4
13,23,52,2
46,85,49,2
60,96,29,1
75,7,51,2
28,21,28,1
17,39,77,3
56,33,93,4
71,5,48,2
1,2,95,4
18,34,7,0
7,100,50,2
100,97,15,0
57,58,28,1
45,62,33,1
52,71,48,2
99,92,50,2
52,10,33,1
24,83,52,2
13,11,26,1
90,22,94,4
19,93,87,4
82,9,68,3
82,8,10,0
93,96,26,1
47,95,99,4
58,41,75,3
0,29,28,1
34,2,89,4
82,82,85,4
97,39,69,3
46,0,87,4
70,10,7,0
85,12,78,3
26,0,13,0
23,21,10,0
88,31,13,0
24,84,63,3
2,21,5,0
21,54,50,2
50,53,14,0
28,2,49,2
31,90,13,0
80,14,97,4
26,21,48,2
95,11,98,4
45,91,11,0
94,64,74,3
58,45,33,1
16,23,35,1
82,84,49,2
80,84,35,1
39,44,85,4
99,27,68,3
62,18,49,2
87,87,32,1
16,31,28,1
86,12,48,2
97,70,25,1
63,57,11,0
59,28,30,1
83,73,66,3
83,90,15,0
79,87,100,4
55,82,10,0
60,96,8,0
86,79,8,0
94,51,61,3
13,84,72,3
64,80,92,4
58,94,52,2
3,61,25,1
72,40,52,2
39,57,11,0
26,96,61,3
68,44,28,1
14,3,100,4
8,40,33,1
98,74,95,4
43,5,27,1
55,95,50,2
96,95,71,3
83,14,32,1
15,81,63,3
56,22,85,4
76,28,8,0
9,80,95,4
66,33,26,1
72,39,51,2
87,84,26,1
37,29,15,0
6,63,64,3
98,78,7,0
23,23,49,2
93,26,48,2
11,1,92,4
94,12,97,4
32,1,33,1
87,64,69,3
16,7,30,1
19,68,77,3
22,0,92,4
91,22,94,4
39,19,8,0
39,63,100,4
66,84,100,4
51,39,31,1
60,1,14,0
0,98,91,4
35,1,36,1
15,48,86,4
20,66,32,1
56,28,10,0
7,31,90,4
84,71,34,1
67,37,99,4
12,97,50,2
23,64,9,0
35,6,64,3
98,75,77,3
6,66,8,0
95,57,74,3
17,60,51,2
64,45,34,1
59,98,88,4
5,92,52,2
27,70,5,0
52,62,25,1
95,52,61,3
32,57,93,4
18,90,32,1
4,37,78,3
80,100,52,2
78,52,63,3
22,13,7,0
39,77,11,0
20,51,63,3
68,25,48,2
2,40,6,0
67,80,99,4
96,27,30,1
2,39,29,1
73,62,64,3
53,70,9,0
72,70,50,2
68,62,31,1
53,58,91,4
46,64,50,2
26,14,25,1
55,65,52,2
20,25,24,1
46,27,49,2
23,63,52,2
36,33,28,1
4,67,92,4
42,94,86,4
13,37,91,4
40,5,86,4
16,62,29,1
23,16,7,0
9,64,14,0
20,51,15,0
92,96,14,0
66,8,27,1
28,31,86,4
34,10,87,4
76,37,96,4
0,80,14,0
59,74,34,1
79,15,94,4
32,0,50,2
98,100,48,2
22,6,15,0
22,99,100,4
71,98,14,0
71,30,86,4
86,20,35,1
73,62,48,2
42,31,67,3
64,48,13,0
96,72,52,2
65,18,72,3
81,36,13,0
8,5,85,4
8,35,51,2
72,49,31,1
59,2,52,2
21,59,27,1
79,30,100,4
78,99,51,2
55,68,9,0
55,67,9,0
40,76,27,1
90,41,10,0
36,93,32,1
70,74,26,1
0,84,13,0
18,94,25,1
88,92,24,1
38,100,15,0
98,12,50,2
34,6,28,1
26,40,77,3
63,85,97,4
28,89,33,1
64,26,10,0
52,14,52,2
18,0,9,0
87,44,71,3
22,95,100,4
50,66,51,2
31,39,48,2
95,42,70,3
64,35,33,1
94,4,88,4
66,37,7,0
32,25,88,4
19,41,49,2
1,41,36,1
74,41,6,0
67,37,13,0
25,60,70,3
16,93,64,3
1,68,25,1
48,27,48,2
41,28,93,4
84,42,49,2
14,30,93,4
90,80,49,2
34,42,96,4
51,47,7,0
78,40,28,1
13,8,50,2
96,9,68,3
53,50,98,4
12,52,35,1
96,10,26,1
14,100,62,3
27,74,52,2
25,57,69,3
8,14,5,0
81,50,51,2
8,14,76,3
48,16,52,2
9,17,32,1
12,11,6,0
28,44,26,1
55,78,15,0
74,51,79,3
43,31,9,0
53,49,5,0
24,96,48,2
14,55,86,4
26,9,36,1
96,94,67,3
30,36,27,1
0,80,15,0
41,61,51,2
12,86,11,0
99,18,90,4
87,9,5,0
94,6,73,3
19,78,10,0
53,69,6,0
24,83,92,4
85,60,71,3
99,5,91,4
96,68,97,4
3,44,49,2
30,25,36,1
9,46,73,3
58,7,29,1
71,97,26,1
18,46,49,2
40,53,14,0
10,29,70,3
80,26,48,2
19,95,100,4
46,5,29,1
82,5,99,4
80,52,79,3
28,82,50,2
97,23,97,4
23,49,97,4
77,26,89,4
62,17,62,3
40,71,6,0
9,45,48,2
8,59,74,3
24,99,77,3
12,96,5,0
76,98,51,2
56,21,66,3
63,28,99,4
88,11,50,2
88,79,49,2
12,41,5,0
1,86,74,3
4,27,61,3
65,73,94,4
47,89,15,0
82,45,76,3
36,87,49,2
17,69,95,4
57,97,50,2
35,3,50,2
0,30,88,4
38,53,91,4
90,32,100,4
51,25,79,3
39,29,62,3
94,13,6,0
95,21,90,4
79,88,89,4
38,95,10,0
70,54,89,4
37,58,61,3
84,29,66,3
78,91,65,3
21,59,70,3
56,54,48,2
8,66,8,0
52,51,75,3
95,83,50,2
67,55,69,3
42,24,9,0
1,22,14,0
37,72,8,0
53,35,79,3
37,86,52,2
8,80,11,0
66,65,6,0
18,7,5,0
62,23,52,2
58,10,68,3
38,2,51,2
65,8,49,2
46,26,8,0
61,46,50,2
62,72,48,2
58,90,72,3
38,63,13,0
18,64,11,0
20,1,52,2
62,73,8,0
63,10,10,0
1,41,10,0
50,9,67,3
95,90,8,0
15,25,15,0
39,94,64,3
8,59,12,0
86,46,10,0
4,38,50,2
46,68,61,3
80,71,75,3
80,13,74,3
38,75,68,3